$ 20 0.001 382.76258214399064 50 5 43
155 160 160 224 160 2 5
155 320 160 352 160 2 0
155 480 160 528 160 2 0
155 640 160 672 160 2 0
w 256 224 288 224 0
w 288 224 288 192 0
w 288 192 320 192 0
w 288 192 288 112 0
w 288 112 160 112 0
w 160 112 160 160 0
w 416 224 448 224 0
w 448 224 448 192 0
w 448 192 480 192 0
w 448 192 448 112 0
w 448 112 320 112 0
w 320 112 320 160 0
w 576 224 608 224 0
w 608 224 608 192 0
w 608 192 640 192 0
w 608 192 608 112 0
w 608 112 480 112 0
w 480 112 480 160 0
w 736 224 768 224 0
w 768 224 768 112 0
w 768 112 640 112 0
w 640 112 640 160 0
R 160 192 96 192 1 2 100 2.5 2.5 0 0.5
162 416 160 416 400 3 old-default-led 1 0 0 0.01
162 576 160 576 400 3 old-default-led 1 0 0 0.01
162 736 160 736 400 3 old-default-led 1 0 0 0.01
r 256 400 256 480 0 330
r 416 400 416 480 0 330
r 576 400 576 480 0 330
r 736 400 736 480 0 330
w 256 480 416 480 0
w 416 480 512 480 0
w 512 480 576 480 0
w 576 480 736 480 0
g 512 480 512 528 0
w 640 224 640 352 0
w 480 224 480 352 0
w 640 352 480 352 0
w 320 224 320 352 0
w 480 352 320 352 0
w 160 224 160 352 0
w 320 352 160 352 0
w 160 352 128 352 0
150 32 352 128 352 0 2 0 5
w 32 336 32 48 0
w 32 48 416 48 0
w 32 368 0 368 0
w 0 368 0 16 0
w 0 16 576 16 0
w 416 48 416 160 0
w 736 160 736 16 0
w 736 16 576 16 0
x 772 -93 865 -90 4 24 Seconds
162 256 160 256 400 3 old-default-led 1 0 0 0.01
162 1168 160 1168 400 3 old-default-led 1 0 0 0.01
w 944 368 912 368 0
150 944 352 1040 352 0 2 0 5
w 1072 352 1040 352 0
w 1232 352 1072 352 0
w 1072 224 1072 352 0
w 1392 352 1232 352 0
w 1232 224 1232 352 0
w 1552 352 1392 352 0
w 1392 224 1392 352 0
w 1552 224 1552 352 0
g 1424 480 1424 528 0
w 1488 480 1648 480 0
w 1424 480 1488 480 0
w 1328 480 1424 480 0
w 1168 480 1328 480 0
r 1648 400 1648 480 0 330
r 1488 400 1488 480 0 330
r 1328 400 1328 480 0 330
r 1168 400 1168 480 0 330
162 1648 160 1648 400 3 old-default-led 1 0 0 0.01
162 1328 160 1328 400 3 old-default-led 1 0 0 0.01
w 1552 112 1552 160 0
w 1680 112 1552 112 0
w 1680 224 1680 112 0
w 1648 224 1680 224 0
w 1392 112 1392 160 0
w 1520 112 1392 112 0
w 1520 192 1520 112 0
w 1520 192 1552 192 0
w 1520 224 1520 192 0
w 1488 224 1520 224 0
w 1232 112 1232 160 0
w 1360 112 1232 112 0
w 1360 192 1360 112 0
w 1360 192 1392 192 0
w 1360 224 1360 192 0
w 1328 224 1360 224 0
w 1072 112 1072 160 0
w 1200 112 1072 112 0
w 1200 192 1200 112 0
w 1200 192 1232 192 0
w 1200 224 1200 192 0
w 1168 224 1200 224 0
155 1552 160 1584 160 2 0
155 1392 160 1440 160 2 5
155 1232 160 1264 160 2 0
155 1072 160 1136 160 2 0
w 1328 48 944 48 0
w 944 48 944 336 0
w 912 368 912 16 0
w 912 16 1488 16 0
w 1488 160 1488 16 0
162 1488 160 1488 400 3 old-default-led 1 0 0 0.01
w 1328 48 1328 160 0
w 640 352 832 352 0
w 832 352 832 192 0
w 832 192 1072 192 0
w 848 880 1088 880 0
w 848 1040 848 880 0
w 656 1040 848 1040 0
w 1344 736 1344 848 0
162 1504 848 1504 1088 3 old-default-led 1 0 0 0.01
w 1504 848 1504 704 0
w 928 704 1504 704 0
w 928 1056 928 704 0
w 960 736 960 1024 0
w 1344 736 960 736 0
155 1088 848 1152 848 2 0
155 1248 848 1280 848 2 5
155 1408 848 1456 848 2 0
155 1568 848 1600 848 2 0
w 1184 912 1216 912 0
w 1216 912 1216 880 0
w 1216 880 1248 880 0
w 1216 880 1216 800 0
w 1216 800 1088 800 0
w 1088 800 1088 848 0
w 1344 912 1376 912 0
w 1376 912 1376 880 0
w 1376 880 1408 880 0
w 1376 880 1376 800 0
w 1376 800 1248 800 0
w 1248 800 1248 848 0
w 1504 912 1536 912 0
w 1536 912 1536 880 0
w 1536 880 1568 880 0
w 1536 880 1536 800 0
w 1536 800 1408 800 0
w 1408 800 1408 848 0
w 1664 912 1696 912 0
w 1696 912 1696 800 0
w 1696 800 1568 800 0
w 1568 800 1568 848 0
162 1344 848 1344 1088 3 old-default-led 1 0 0 0.01
162 1664 848 1664 1088 3 old-default-led 1 0 0 0.01
r 1184 1088 1184 1168 0 330
r 1344 1088 1344 1168 0 330
r 1504 1088 1504 1168 0 330
r 1664 1088 1664 1168 0 330
w 1184 1168 1344 1168 0
w 1344 1168 1440 1168 0
w 1440 1168 1504 1168 0
w 1504 1168 1664 1168 0
g 1440 1168 1440 1216 0
w 1568 912 1568 1040 0
w 1408 912 1408 1040 0
w 1568 1040 1408 1040 0
w 1248 912 1248 1040 0
w 1408 1040 1248 1040 0
w 1088 912 1088 1040 0
w 1248 1040 1088 1040 0
w 1088 1040 1056 1040 0
150 960 1040 1056 1040 0 2 0 5
w 960 1056 928 1056 0
162 1184 848 1184 1088 3 old-default-led 1 0 0 0.01
162 272 848 272 1088 3 old-default-led 1 0 0 0.01
w 752 704 592 704 0
w 752 848 752 704 0
w 432 736 432 848 0
w 16 704 592 704 0
w 16 1056 16 704 0
w 48 1056 16 1056 0
w 48 736 432 736 0
w 48 1024 48 736 0
150 48 1040 144 1040 0 2 0 5
w 176 1040 144 1040 0
w 336 1040 176 1040 0
w 176 912 176 1040 0
w 496 1040 336 1040 0
w 336 912 336 1040 0
w 656 1040 496 1040 0
w 496 912 496 1040 0
w 656 912 656 1040 0
g 528 1168 528 1216 0
w 592 1168 752 1168 0
w 528 1168 592 1168 0
w 432 1168 528 1168 0
w 272 1168 432 1168 0
r 752 1088 752 1168 0 330
r 592 1088 592 1168 0 330
r 432 1088 432 1168 0 330
r 272 1088 272 1168 0 330
162 752 848 752 1088 3 old-default-led 1 0 0 0.01
162 592 848 592 1088 3 old-default-led 1 0 0 0.01
162 432 848 432 1088 3 old-default-led 1 0 0 0.01
w 656 800 656 848 0
w 784 800 656 800 0
w 784 912 784 800 0
w 752 912 784 912 0
w 496 800 496 848 0
w 624 800 496 800 0
w 624 880 624 800 0
w 624 880 656 880 0
w 624 912 624 880 0
w 592 912 624 912 0
w 336 800 336 848 0
w 464 800 336 800 0
w 464 880 464 800 0
w 464 880 496 880 0
w 464 912 464 880 0
w 432 912 464 912 0
w 176 800 176 848 0
w 304 800 176 800 0
w 304 880 304 800 0
w 304 880 336 880 0
w 304 912 304 880 0
w 272 912 304 912 0
155 656 848 688 848 2 0
155 496 848 544 848 2 0
155 336 848 368 848 2 5
155 176 848 240 848 2 0
w 1552 352 1552 608 0
w 1552 608 112 608 0
w 112 608 112 880 0
w 112 880 176 880 0
x 778 568 861 571 4 24 Minutes
w 128 1552 192 1552 0
w 128 1280 128 1552 0
155 192 1520 256 1520 2 0
155 352 1520 384 1520 2 0
155 512 1520 560 1520 2 0
155 672 1520 704 1520 2 0
w 288 1584 320 1584 0
w 320 1584 320 1552 0
w 320 1552 352 1552 0
w 320 1552 320 1472 0
w 320 1472 192 1472 0
w 192 1472 192 1520 0
w 448 1584 480 1584 0
w 480 1584 480 1552 0
w 480 1552 512 1552 0
w 480 1552 480 1472 0
w 480 1472 352 1472 0
w 352 1472 352 1520 0
w 608 1584 640 1584 0
w 640 1584 640 1552 0
w 640 1552 672 1552 0
w 640 1552 640 1472 0
w 640 1472 512 1472 0
w 512 1472 512 1520 0
w 768 1584 800 1584 0
w 800 1584 800 1472 0
w 800 1472 672 1472 0
w 672 1472 672 1520 0
162 448 1520 448 1760 3 old-default-led 1 0 0 0.01
162 608 1520 608 1760 3 old-default-led 1 0 0 0.01
162 768 1520 768 1760 3 old-default-led 1 0 0 0.01
r 288 1760 288 1840 0 330
r 448 1760 448 1840 0 330
r 608 1760 608 1840 0 330
r 768 1760 768 1840 0 330
w 288 1840 448 1840 0
w 448 1840 544 1840 0
w 544 1840 608 1840 0
w 608 1840 768 1840 0
g 544 1840 544 1888 0
w 672 1584 672 1712 0
w 512 1584 512 1712 0
w 672 1712 512 1712 0
w 352 1584 352 1712 0
w 512 1712 352 1712 0
w 192 1584 192 1712 0
w 352 1712 192 1712 0
w 192 1712 160 1712 0
150 -64 1696 32 1696 0 2 0 5
w -80 1680 -80 1408 0
w -80 1408 304 1408 0
w -112 1376 464 1376 0
w 448 1408 448 1520 0
w 768 1520 768 1376 0
w 768 1376 608 1376 0
162 288 1520 288 1760 3 old-default-led 1 0 0 0.01
162 1200 1520 1200 1760 3 old-default-led 1 0 0 0.01
150 976 1712 1072 1712 0 2 0 5
w 1104 1712 1072 1712 0
w 1264 1712 1104 1712 0
w 1104 1584 1104 1712 0
w 1424 1712 1264 1712 0
w 1264 1584 1264 1712 0
w 1584 1712 1424 1712 0
w 1424 1584 1424 1712 0
w 1584 1584 1584 1712 0
g 1456 1840 1456 1888 0
w 1520 1840 1680 1840 0
w 1456 1840 1520 1840 0
w 1360 1840 1456 1840 0
w 1200 1840 1360 1840 0
r 1680 1760 1680 1840 0 330
r 1520 1760 1520 1840 0 330
r 1360 1760 1360 1840 0 330
r 1200 1760 1200 1840 0 330
162 1680 1520 1680 1760 3 old-default-led 1 0 0 0.01
162 1360 1520 1360 1760 3 old-default-led 1 0 0 0.01
w 1584 1472 1584 1520 0
w 1712 1472 1584 1472 0
w 1712 1584 1712 1472 0
w 1680 1584 1712 1584 0
w 1424 1472 1424 1520 0
w 1552 1472 1424 1472 0
w 1552 1552 1552 1472 0
w 1552 1552 1584 1552 0
w 1552 1584 1552 1552 0
w 1520 1584 1552 1584 0
w 1264 1472 1264 1520 0
w 1392 1472 1264 1472 0
w 1392 1552 1392 1472 0
w 1392 1552 1424 1552 0
w 1392 1584 1392 1552 0
w 1360 1584 1392 1584 0
w 1104 1472 1104 1520 0
w 1232 1472 1104 1472 0
w 1232 1552 1232 1472 0
w 1232 1552 1264 1552 0
w 1232 1584 1232 1552 0
w 1200 1584 1232 1584 0
155 1584 1520 1616 1520 2 0
155 1424 1520 1472 1520 2 0
155 1264 1520 1296 1520 2 0
155 1104 1520 1168 1520 2 0
162 1520 1520 1520 1760 3 old-default-led 1 0 0 0.01
w 672 1712 864 1712 0
w 864 1712 864 1552 0
w 864 1552 1104 1552 0
w 1568 1040 1568 1280 0
w 1568 1280 128 1280 0
w 1360 1520 1360 1376 0
w 1360 1376 976 1376 0
w 976 1376 976 1696 0
w 640 1472 640 1408 0
w 640 1408 944 1408 0
w 944 1408 944 1728 0
w 944 1728 976 1728 0
152 64 1712 160 1712 0 2 0 5
w -80 1680 -64 1680 0
w -112 1376 -112 1712 0
w -112 1712 -64 1712 0
w 304 1408 448 1408 0
w 464 1376 608 1376 0
w 32 1696 64 1696 0
w 1584 1712 1584 1952 0
w 1584 1952 48 1952 0
w 48 1952 48 1728 0
w 48 1728 64 1728 0
x 778 1224 841 1227 4 24 Hours
